26269000070000000000000001
26269500070000000000000002
26269600070000000000000003
26269200070000000000000004
26239000070000000000000005
26269000050000000000000006
26269000020000000000000007
26269000010000000000000008
26369000070000000000000009
26369000070000000000000010
26569000030000000000000011
26269000020000000000000012
26259000010000000000000013
26239050070000000000000014
26269030070000000000000015
26269000030000000000000016
26269000120000000000000017
26269000560000000000000018
26269000110000000000000019